y lag.quarterly.revenue price.index income.level market.potential
1962.25 43.9618 96.75996 9.41994 64.0321 25.9398
1962.5 17.58274 43.9618 51.72387 11.65116 142.7063
1962.75 96.96346 17.58274 23.4472 64.14232 25.9548
1963 17.62602 96.96346 9.37116 29.2023 142.7866
1963.25 97.98261 17.62602 51.04209 11.70072 64.9155
1963.5 44.68365 97.98261 9.25106 64.51104 25.9708
1963.75 17.92322 44.68365 50.81901 11.75538 142.89
1964 98.56484 17.92322 23.0827 64.87393 25.9886
1964.25 18.01736 98.56484 9.22814 29.6287 142.9912
1964.5 99.33539 18.01736 50.68426 11.88464 65.0165
1964.75 45.3453 99.33539 9.20454 65.49015 26.0198
1965 18.11742 45.3453 50.4856 11.9224 143.1749
1965.25 100.17678 18.11742 22.8796 65.75855 26.0424
1965.5 18.2537 100.17678 9.17322 30.01885 143.2915
1965.75 100.88056 18.2537 50.37967 12.05658 65.1755
1966 45.93325 100.88056 9.14352 66.38225 26.0858
1966.25 18.47646 45.93325 50.17144 12.07812 143.5467
1966.5 101.91357 18.47646 22.7453 66.55506 26.1102
1966.75 18.56872 101.91357 9.07914 30.27815 143.6974
1967 102.45158 18.56872 49.61198 12.12186 65.3465
1967.25 46.75125 102.45158 9.00704 66.78133 26.1474
1967.5 18.7167 46.75125 49.4296 12.16036 143.847
1967.75 103.37437 18.7167 22.32525 66.97438 26.1698
1968 18.843 103.37437 8.89848 30.50995 144.0098
1968.25 103.86453 18.843 48.83626 12.22414 65.475
1968.5 47.43605 103.86453 8.8405 67.27556 26.1968
1968.75 19.04748 47.43605 48.5166 12.24258 144.1979
1969 104.9378 19.04748 22.05755 67.342 26.2338
1969.25 19.16246 104.9378 8.7962 30.65595 144.3442
1969.5 105.60528 19.16246 48.23643 12.2941 65.633
1969.75 48.2248 105.60528 8.7464 67.68696 26.2712
1970 19.2878 48.2248 47.6047 12.31254 144.5565
1970.25 106.63455 19.2878 21.60115 67.79014 26.2888
1970.5 19.39916 106.63455 8.61818 30.86845 144.6049
1970.75 106.55513 19.39916 47.39999 12.3227 65.76
1971 48.5887 106.55513 8.61104 68.00541 26.3186
1971.25 19.49848 48.5887 47.25897 12.37536 144.7369
1971.5 107.52896 19.49848 21.39195 68.13147 26.325
1971.75 19.58848 107.52896 8.55578 31.0015 144.8304
